Iteration: 1
Vector:
0.586748805632  0.112941077864  -0.402229486212  0.0287905456374  0.698893638421  1.53968653089  -0.366398457799  1.80387226553  0.617550917777  0.900385550247  -1.84410359568  -2.08511440785  -2.30827256726  1.0  -0.889405749728  0.349635403571  -0.171150783673  0.513955242645  0.0875450507082  0.960564914927  
Iteration: 2
Vector:
0.86276664147  0.177482406589  0.727246346717  0.620885068964  0.194269236835  0.74906631459  0.0991476688438  0.170350331635  0.133264286828  0.549919417065  0.156209150331  -0.146461379895  0.0400535059744  0.64931232022  -0.385530719462  0.457927703538  0.603649123623  0.369969547339  1.0  0.31634843228  
Iteration: 3
Vector:
0.408697495489  -0.111692535975  0.359088457993  0.0397899645843  0.0606543222677  1.0  -0.382761023296  0.476736381092  -0.300645470874  0.47175187063  -0.586843281959  -0.676788135451  -0.547020497876  0.441628422178  -0.717329189626  0.335446594229  0.351627633466  0.287548886779  0.588727186956  0.503996991518  
Iteration: 4
Vector:
0.763348913965  -0.0794237883368  0.762519897789  0.270495872834  -0.0682254252404  0.916515585214  -0.218063965227  0.0354528885025  -0.349033923439  0.604907074416  -0.351354146028  -0.345990115401  -0.156450800001  0.529716894983  -0.77905978932  0.34873238563  0.555590740739  0.392349125755  1.0  0.478620189043  
Iteration: 5
Vector:
0.504929480475  -0.1673268596  0.635118965003  0.040095482508  -0.0942258611983  1.0  -0.412390742097  0.238550736642  -0.545857090321  0.53635826671  -0.542468171109  -0.475149956541  -0.303544785507  0.465474917892  -0.862981936325  0.304379766849  0.479937315871  0.368115929167  0.837856499074  0.538352893126  
Iteration: 6
Vector:
0.672455751663  -0.173781925363  0.784360940357  0.114152533672  -0.149325255377  0.972382040092  -0.349070614056  0.053147667206  -0.553795031642  0.618658375444  -0.517682963288  -0.389191684985  -0.190106523  0.494544433108  -0.899077527498  0.291749889141  0.528377370578  0.418221118991  1.0  0.542475510792  
Iteration: 7
Vector:
0.558292636043  -0.194817429929  0.741099316479  0.0350293242899  -0.143603455974  1.0  -0.411588787769  0.142637763026  -0.624050024425  0.579542911374  -0.555117784276  -0.415001672937  -0.231385263718  0.480595273975  -0.920929227775  0.274319156918  0.509776951106  0.406548288019  0.939161294376  0.556584669686  
Iteration: 8
Vector:
0.629063256303  -0.205971409586  0.792148663811  0.0604133474186  -0.16541777709  0.990756427755  -0.390239128717  0.0736728586472  -0.623597626161  0.618741080655  -0.560350406704  -0.396789915793  -0.194919184896  0.488356258793  -0.931735067671  0.268111563017  0.519919948106  0.428748922265  1.0  0.559640744821  
Iteration: 9
Vector:
0.581154074057  -0.208986934517  0.776542893323  0.0326550355914  -0.157698601945  1.0  -0.408052723203  0.107765154587  -0.646936527223  0.599660523214  -0.564472307236  -0.398835776288  -0.209630662378  0.486760803815  -0.938632982442  0.260379821743  0.515201765051  0.422008484126  0.975727524081  0.561678260108  
Iteration: 10
Vector:
0.610899187323  -0.217179082877  0.794774317338  0.0424699364482  -0.166857557166  0.99803021788  -0.402049349469  0.0832778266865  -0.646720178333  0.617831828204  -0.570784839878  -0.397385531305  -0.196512225258  0.488966031328  -0.941460158438  0.258911666105  0.517585474724  0.432556707739  1.0  0.563671591628  
Iteration: 11
Vector:
0.590082462389  -0.21608232498  0.7878376176  0.0320678116737  -0.16174811282  1.0  -0.405982959433  0.095551823309  -0.653523342814  0.608311542841  -0.568547109171  -0.394810249907  -0.202556400345  0.48906727716  -0.943093532983  0.254931749178  0.515629903946  0.428249753948  0.988615675806  0.562544538048  
Iteration: 12
Vector:
0.602700115678  -0.220951115379  0.794724770521  0.0362229202065  -0.16581120534  1.0  -0.404719484129  0.0869310047486  -0.653750469113  0.616672232288  -0.572483440822  -0.396377461675  -0.19736119659  0.489706251301  -0.943660214216  0.254975015616  0.516322395583  0.433372726605  0.998776927684  0.563758548082  
Iteration: 13
Vector:
0.593490780597  -0.21956516806  0.791429448289  0.0320719151031  -0.162997911008  1.0  -0.405042140293  0.0912787675364  -0.655457563009  0.612010838138  -0.570139899602  -0.393967213607  -0.200055422951  0.489898805336  -0.943896432903  0.252904060718  0.515320317175  0.430865140784  0.993243316086  0.562482594079  
Iteration: 14
Vector:
0.598739170673  -0.222130763326  0.793926716229  0.0339201541055  -0.164810572357  1.0  -0.404879623061  0.0881894814517  -0.655541814272  0.615667150538  -0.572085131788  -0.39530532989  -0.19779878294  0.48991821256  -0.943611203521  0.253132675275  0.51540961544  0.433218761371  0.997332343703  0.563000317846  
Iteration: 15
Vector:
0.594803358496  -0.221253493409  0.792598985921  0.0321861187084  -0.163429310448  1.0  -0.404653599088  0.0897626460283  -0.656052039799  0.613618553573  -0.570758067266  -0.393892360195  -0.199110478842  0.490187854968  -0.943867896882  0.252156523442  0.515051128864  0.432002574466  0.994967025494  0.562331230566  
Iteration: 16
Vector:
0.59703780781  -0.222554963356  0.793548957145  0.0330350430021  -0.164259663972  1.0  -0.404731445871  0.0886338394059  -0.65610388949  0.615244915908  -0.571700967836  -0.394721089781  -0.198096997971  0.490102195892  -0.94355292628  0.252343673304  0.51502902955  0.433098920836  0.996673561814  0.562569665233  
Iteration: 17
Vector:
0.595321338597  -0.222064669198  0.792996283444  0.0322810457835  -0.163598037977  1.0  -0.404500736801  0.0892135110394  -0.656247645734  0.614331379232  -0.57100529077  -0.393960027043  -0.198736288553  0.490283036373  -0.943730506383  0.25187982933  0.514894838647  0.432511779632  0.995637655013  0.562233222966  
Iteration: 18
Vector:
0.596294334724  -0.222709697031  0.793375483709  0.032677727395  -0.163984553624  1.0  -0.404592207191  0.0887907208276  -0.656281829237  0.61506609783  -0.571459439041  -0.394417706833  -0.198272942388  0.490210091951  -0.943523651656  0.251997402565  0.514866524068  0.433026673729  0.996372604676  0.562348345391  
Iteration: 19
Vector:
0.59553235512  -0.222451794749  0.793139148363  0.0323404568519  -0.163671466865  1.0  -0.404442391027  0.0890097824829  -0.656317667459  0.614653069899  -0.57110828576  -0.394025889892  -0.198583198517  0.490311530499  -0.94362859336  0.251776605945  0.514814545797  0.432744425106  0.995910203754  0.562183194941  
Iteration: 20
Vector:
0.595964593952  -0.222766694032  0.793297279468  0.0325275125142  -0.16385310338  1.0  -0.40450494075  0.0888469180802  -0.656338693215  0.614989220466  -0.571326362837  -0.39426473949  -0.198369205521  0.490265744905  -0.943512250696  0.251842818608  0.514796136845  0.432987386403  0.99623489804  0.562239995059  
Iteration: 21
Vector:
0.595621268106  -0.222635604305  0.793193958702  0.0323737106873  -0.163705802494  1.0  -0.4044206359  0.088932215564  -0.656344994423  0.614800267602  -0.571152876581  -0.394068426852  -0.198519068057  0.490318440955  -0.943569566725  0.251737801677  0.514775455644  0.432852149563  0.996025395963  0.562160118299  
Iteration: 22
Vector:
0.595816502977  -0.222787791388  0.79326235292  0.0324623401451  -0.163791640843  1.0  -0.404457040943  0.0888675886292  -0.656357036969  0.614955576968  -0.571257363414  -0.394189104295  -0.198419607443  0.490292797198  -0.9435086383  0.251773000799  0.514765350144  0.432967095048  0.996171706447  0.56218831623  
Iteration: 23
Vector:
0.595659939117  -0.222722545518  0.793216366543  0.0323912976572  -0.163722502011  1.0  -0.404412705566  0.0889018841245  -0.656356470227  0.614868307863  -0.571172783392  -0.394092446783  -0.198491707823  0.490319103771  -0.943538545668  0.251723133558  0.514756939062  0.432902451374  0.996075682696  0.562150045362  
Iteration: 24
Vector:
0.595749298556  -0.222795591212  0.793246801373  0.0324333946625  -0.16376320208  1.0  -0.404432346444  0.0888754715324  -0.656363006241  0.614940588646  -0.571222750794  -0.394152206915  -0.198445277553  0.490305545211  -0.94350784913  0.251741215983  0.514751782349  0.432956906523  0.996142594301  0.56216402401  
Iteration: 25
Vector:
0.595677223551  -0.222763553971  0.793226038106  0.0324003014047  -0.163730766728  1.0  -0.404409891706  0.0888897060502  -0.65636154921  0.614899983567  -0.571181870837  -0.394105167256  -0.19847985785  0.490318384515  -0.94352301436  0.25171757643  0.51474829796  0.432926058727  0.996098190903  0.562145798774  
Iteration: 26
Vector:
0.595718542567  -0.222798448441  0.793239868426  0.0324203201975  -0.163750101467  1.0  -0.40442004684  0.0888786080284  -0.656364962309  0.614933801077  -0.571205727101  -0.394134376938  -0.198458112831  0.49031145226  -0.943507898272  0.251726665313  0.514745765074  0.432951873138  0.996129123408  0.562152697468  
Iteration: 26
Max_lumbda: 541.8867993261961
Vector result:
0.595718542567  -0.222798448441  0.793239868426  0.0324203201975  -0.163750101467  1.0  -0.40442004684  0.0888786080284  -0.656364962309  0.614933801077  -0.571205727101  -0.394134376938  -0.198458112831  0.49031145226  -0.943507898272  0.251726665313  0.514745765074  0.432951873138  0.996129123408  0.562152697468  
