End method iteration: 651
-373.212771443 4.17811805275e-08 -4.22680207004e-08 -2.94613391893e-09 -9.54788869124e-15 -2.16221656972e-10 -2.94814881219e-10 4.07592943314e-10 -1.14739290181e-10 8.84113425967e-15 -1.85382400577e-18 -2.60376778296e-08 -8.4765288535e-13 -4.06735857094e-08 3.85539896549e-16 -6.56838929675e-13 2.07289420361e-09 -2.26512343654e-15 2.68013361125e-08 2.62294600485e-12
4.17811829846e-08 -136.473911144 -7.56516320745e-15 7.63652238438e-14 7.3062800729e-15 -6.04398015689e-08 -6.27685759047e-14 -5.5777216392e-08 4.60631196432e-16 6.72031105261e-15 -5.97393550902e-13 -8.45014848906e-15 7.18743788898e-13 1.03125078893e-10 1.45312794096e-11 8.43642389889e-11 3.14518703538e-16 9.02613171646e-18 4.91897626354e-08 1.64160654392e-11
-4.22680238845e-08 -2.70910624666e-15 -76.0501492006 6.08126591353e-10 9.98733314657e-21 5.45188425005e-13 -1.6631845576e-12 -2.1095408339e-08 -6.03512639178e-13 4.00480747106e-10 -5.08174819137e-15 1.65999650759e-12 8.31727816561e-15 -5.03591759802e-15 -3.85933971688e-15 -7.2226891417e-12 9.46425325448e-16 2.64868334953e-13 -5.15569488004e-14 6.56753342728e-12
-2.94613992925e-09 7.36131622238e-14 6.08127178536e-10 -315.086829723 -1.30342077706e-13 1.9838494977e-15 1.81990980917e-11 -1.95389188386e-17 -3.39652389733e-12 -1.26722459584e-08 -1.26868392551e-14 3.9578183162e-10 -3.1118837399e-08 -1.1438278501e-09 5.54792388924e-10 1.25464903003e-08 1.31511700073e-14 -2.84931404159e-08 5.42142063882e-17 -5.8651968553e-15
3.06661711532e-16 1.04167920266e-14 -8.58614243999e-15 -1.35291080816e-13 242.475260302 -1.8201222689e-15 1.50797240865e-10 -1.36633436684e-14 1.96983912363e-15 2.31799787928e-19 8.85851161221e-16 -8.24277837651e-13 -8.45322223946e-15 -4.24860946006e-08 7.33167533436e-09 7.54940997374e-12 3.86074582783e-12 1.97657662172e-13 6.55051466431e-13 -3.84281765139e-11
-2.16215760749e-10 -6.04397898024e-08 5.43225577912e-13 1.32348898008e-23 6.23828515267e-15 124.552996579 -6.13876866605e-09 -5.21744595511e-09 2.06759781423e-09 -9.50787593384e-11 -1.64239448703e-14 -9.12554239245e-12 -7.83257969673e-13 -3.71882213359e-11 2.38741192302e-11 -1.54970435671e-14 -6.91096239256e-16 1.47137569437e-14 4.24888578935e-15 -7.69933346916e-16
-2.94806494649e-10 -4.07711899335e-14 -1.66141436465e-12 1.81951611469e-11 1.50783738913e-10 -6.1387695108e-09 -272.710521673 -1.51228866053e-10 1.69016280229e-09 -7.95207044031e-09 2.11758236814e-22 3.56002149566e-08 -7.77184730801e-15 1.7141009198e-15 -1.49086342688e-09 1.85768961789e-16 -1.20209034652e-16 -3.06579845941e-15 4.7927155262e-12 4.28625412002e-08
4.07596820559e-10 -5.57772066085e-08 -2.10954080181e-08 -3.20035842813e-14 -1.23064746375e-17 -5.21744634091e-09 -1.51212080454e-10 -303.265935763 -4.52289813955e-09 5.67368980399e-15 2.64345518326e-08 2.166681467e-14 -4.34924095857e-13 -2.26098063041e-08 -1.74855311039e-14 -1.07371264851e-08 7.30804710038e-10 -2.44321693196e-09 -1.36638821822e-11 1.11561430463e-14
-1.14740806758e-10 5.0633327359e-15 -5.99654963456e-13 -3.3858934364e-12 -1.76635807374e-14 2.06759759189e-09 1.69017340773e-09 -4.52289667593e-09 129.131479709 -2.96735818102e-15 2.31814087229e-13 1.42898396519e-10 3.09853647223e-12 -5.23819958819e-11 9.23293306496e-11 0.0 2.95476011505e-14 -3.60317365219e-12 -5.65500630367e-12 -1.41685732461e-10
1.8948931945e-14 3.32760445901e-17 4.00482734186e-10 -1.26722665374e-08 -5.57033334244e-15 -9.50883646391e-11 -7.95207928864e-09 -4.28207272794e-16 -3.83015647634e-21 369.307441155 7.85819153247e-13 -1.23183829019e-11 4.84017315879e-21 -2.49005998309e-08 1.06255837077e-09 -1.59101370883e-15 -5.45949145832e-13 -1.70127380572e-13 -5.8093779569e-15 -8.41471882152e-15
2.10329550186e-14 -5.90347301174e-13 7.55170747607e-16 8.00442615652e-16 2.4103285231e-17 -3.8092249804e-17 -1.18640887367e-14 2.64345545521e-08 2.25301526845e-13 7.81883902742e-13 -227.034627352 -9.59187711055e-15 1.14256852582e-10 4.74569423799e-12 3.07596669052e-10 -3.04531564317e-16 9.00867414538e-08 8.72386680054e-15 -3.20677408237e-13 6.00923814491e-11
-2.60376486443e-08 2.11758236814e-22 1.64749672849e-12 3.95783893246e-10 -8.2975780261e-13 -9.12599698018e-12 3.56002347468e-08 4.17449337819e-16 1.42884330758e-10 -1.23308463363e-11 6.94341737139e-17 -199.349783717 -1.22129564764e-16 -3.02168784828e-12 5.92385807828e-09 -5.72496131915e-10 2.24098384505e-14 1.04356124266e-09 2.99391493467e-12 -5.31127862212e-09
-8.42728880911e-13 7.26369742077e-13 2.0120908167e-18 -3.11188299783e-08 -1.12461614543e-15 -8.00697190682e-13 6.13773504575e-18 -4.41391070862e-13 3.09789253393e-12 -3.2096485391e-16 1.14260811184e-10 5.14229225069e-16 -169.119570672 -2.97960495358e-13 -3.96212706832e-08 -7.0341153792e-15 9.20659124589e-10 -9.3869695262e-11 -6.49055455626e-15 -6.59069162973e-15
-4.0673574959e-08 1.03119361457e-10 2.4777104812e-17 -1.1438371281e-09 -4.24861127234e-08 -3.71573992525e-11 -4.91758774938e-15 -2.26098103313e-08 -5.23810155008e-11 -2.49005925457e-08 4.73401382596e-12 -3.02256254875e-12 -2.87122100575e-13 344.559047079 -1.37944159142e-14 2.60294766983e-14 1.46307576868e-13 -3.68177229246e-21 -3.20833046332e-11 -1.09969157496e-14
-1.87376882271e-14 1.45259810444e-11 6.50878717279e-16 5.54783685153e-10 7.33167184209e-09 2.38766069807e-11 -1.490854159e-09 -2.98552356555e-14 9.23202629867e-11 1.06256889131e-09 3.07586870571e-10 5.92384705533e-09 -3.96212762107e-08 2.3989784317e-16 -39.2701370081 -9.56378326225e-17 -7.30882980538e-18 -1.64274192045e-08 -2.84617911631e-10 -1.50235242737e-15
-6.56649329053e-13 8.43603482306e-11 -7.24219708927e-12 1.2546487231e-08 7.55462430896e-12 -6.54296214032e-15 5.49303986986e-15 -1.07371166841e-08 -8.17018456529e-15 1.04358778826e-14 3.39388639851e-15 -5.72479929407e-10 -4.23249321312e-15 2.36903578506e-14 -5.97182846771e-15 202.935902133 8.16569271239e-10 6.54961249729e-15 1.77443065331e-10 2.17520833483e-08
2.07288314471e-09 1.24802243051e-14 1.01419577114e-22 -1.2629064635e-17 3.86347914515e-12 -4.70171262916e-15 -4.98067489375e-16 7.30792016206e-10 3.66973026239e-14 -5.35514913346e-13 9.00867378136e-08 2.06848261253e-14 9.20658294354e-10 1.67229412378e-13 -5.1587808913e-15 8.16583026652e-10 -12.5053387744 -1.07533479632e-23 2.7106415591e-08 -7.76576120122e-08
-1.26022547429e-15 -5.07442288016e-15 2.61323965227e-13 -2.84931434768e-08 2.25157580992e-13 -1.06147515478e-15 -4.69226359365e-23 -2.44323124274e-09 -3.60932315385e-12 -1.76277422185e-13 1.30436297085e-16 1.04357162044e-09 -9.38821943395e-11 1.90006494549e-14 -1.64274118478e-08 -3.22515690043e-19 9.44036321074e-15 291.996471297 -1.53655023234e-10 5.77461785316e-14
2.68013344039e-08 4.91897635284e-08 -5.12758319434e-14 8.55117584684e-15 6.67118403115e-13 2.02856539941e-15 4.78659497129e-12 -1.36519267627e-11 -5.64995541599e-12 0.0 -3.30333846611e-13 3.00185731669e-12 -4.27278146681e-17 -3.20918965515e-11 -2.8462168946e-10 1.77453594319e-10 2.7106424704e-08 -1.53650485734e-10 42.6841788135 1.50543132533e-21
2.62358093909e-12 1.64157590258e-11 6.56749235206e-12 1.01159043614e-15 -3.84295110915e-11 -5.62351780021e-16 4.28625428721e-08 -1.32348898008e-23 -1.41687451584e-10 -4.0812224854e-15 6.00930310127e-11 -5.31128625426e-09 -6.85836603746e-15 2.50671499442e-18 7.02097284379e-15 2.17520734925e-08 -7.76575965976e-08 3.31062136989e-14 -6.42410641578e-15 541.886799404
